"fno","id","sia","ala","k","ob","gh","pe","coord","neighpe"
1,288,5,2,5,4,1,-4.07845,54,-556.114
3,288,4,2,4,4,2,-3.91553,54,-552.991
4,288,5,2,5,4,1,-3.92846,51,-533.917
5,288,3,3,3,6,3,-4.46708,49,-504.401
7,288,5,2,5,4,1,-3.93991,52,-542.051
9,288,5,2,5,4,1,-3.24297,52,-546.011
11,288,3,3,3,6,3,-4.23008,51,-516.716
12,288,4,2,4,4,2,-3.1928,52,-545.203
13,288,4,3,4,6,2,-4.34235,49,-509.796
14,288,2,1,2,2,4,-3.99382,54,-553.126
16,288,5,2,5,4,1,-3.97133,51,-537.705
17,288,6,3,6,6,0,-4.32653,49,-514.685
18,288,4,2,4,4,2,-3.80907,54,-563.135
2,289,6,2,6,4,0,-3.73246,51,-548.531
3,289,4,3,4,6,2,-3.65621,49,-517.756
4,289,3,3,3,6,3,-4.8609,48,-500.026
6,289,2,1,2,2,4,-3.83478,51,-545.963
7,289,2,2,2,3,4,-4.51038,48,-511.136
8,289,5,3,5,6,1,-4.73674,49,-532.248
9,289,5,2,5,4,1,-4.28175,51,-557.843
14,289,5,2,5,4,1,-3.14831,52,-553.314
15,289,4,2,4,4,2,-4.48943,50,-530.805
16,289,2,2,2,4,4,-4.66693,50,-525.444
17,289,6,3,6,6,0,-4.56602,50,-524.416
18,289,4,3,4,6,2,-4.76847,46,-499.394
19,289,4,3,4,6,2,-4.29882,49,-519.859
20,289,3,2,3,4,3,-4.3474,53,-540.117
1,290,5,2,5,4,1,-3.42231,51,-546.678
2,290,5,2,5,4,1,-3.82227,51,-544.786
4,290,4,2,4,4,2,-3.66099,50,-538.851
5,290,4,2,4,4,2,-3.8987,52,-538.936
7,290,5,2,5,4,1,-3.67688,52,-552.561
9,290,4,3,4,6,2,-4.17243,49,-509.25
10,290,5,3,5,6,1,-4.78242,52,-540.746
11,290,4,3,4,6,2,-4.24213,49,-511.613
12,290,4,2,4,4,2,-4.07252,54,-581.647
13,290,4,1,4,2,2,-2.75965,53,-568.812
14,290,4,3,4,6,2,-4.82324,50,-513.577
15,290,5,3,5,6,1,-3.7063,51,-536.113
17,290,5,2,5,4,1,-3.49399,52,-559.002
18,290,4,2,4,4,2,-3.4562,51,-534.891
19,290,4,1,4,2,2,-3.58955,54,-564.27
20,290,5,2,5,4,1,-3.6335,52,-544.342
1,291,2,1,2,2,4,-3.98794,54,-553.194
2,291,3,2,3,4,3,-4.27235,52,-534.927
4,291,6,2,6,4,0,-3.70889,51,-538.841
5,291,4,3,4,6,2,-4.41008,51,-521.335
6,291,4,3,4,5,2,-4.38689,49,-508.243
8,291,2,1,2,2,4,-3.46717,54,-557.631
9,291,4,2,4,4,2,-3.47488,51,-534.562
10,291,3,2,3,4,3,-4.78532,51,-525.564
11,291,4,3,4,6,2,-4.13967,50,-514.202
12,291,5,2,5,4,1,-3.14875,53,-561.744
13,291,5,3,5,6,1,-4.4489,51,-537.666
14,291,4,1,4,2,2,-3.93401,53,-557.313
16,291,5,3,5,6,1,-4.27603,51,-543.475
17,291,4,3,4,6,2,-4.60372,50,-516.162
18,291,5,2,5,4,1,-3.53711,52,-543.292
19,291,4,3,4,6,2,-3.45261,51,-525.978
20,291,3,3,3,6,3,-3.91269,51,-520.236
1,292,3,3,3,6,3,-4.88333,47,-501.874
2,292,5,2,5,4,1,-3.95355,49,-533.554
4,292,4,3,4,6,2,-4.80649,50,-513.776
5,292,5,3,5,6,1,-4.05202,51,-527.0
7,292,3,3,3,6,3,-4.86857,49,-503.529
8,292,5,3,5,6,1,-4.59201,48,-509.499
9,292,5,3,5,6,1,-4.42765,52,-562.965
10,292,4,2,4,4,2,-3.82321,50,-537.782
12,292,3,1,3,2,3,-4.03495,51,-549.021
14,292,5,1,5,2,1,-2.79154,55,-578.51
15,292,6,3,6,6,0,-4.59086,48,-521.563
17,292,5,3,5,6,1,-4.68044,49,-513.849
19,292,5,1,5,2,1,-3.87668,51,-557.527
1,293,4,3,4,6,2,-3.82246,50,-515.695
2,293,3,1,3,2,3,-3.77047,54,-559.735
3,293,6,2,6,4,0,-4.06077,51,-541.873
4,293,4,3,4,6,2,-4.31274,51,-521.517
6,293,5,2,5,4,1,-3.63511,51,-535.014
8,293,4,3,4,6,2,-4.45491,51,-519.863
9,293,4,2,4,4,2,-4.6235,52,-534.473
11,293,4,3,4,6,2,-4.23003,51,-521.931
12,293,4,2,4,4,2,-4.77718,52,-536.057
13,293,4,2,4,4,2,-3.97724,52,-538.133
14,293,4,1,4,2,2,-3.52009,55,-572.969
15,293,4,2,4,4,2,-3.86293,52,-539.943
17,293,2,1,2,2,4,-3.33575,54,-557.446
18,293,5,0,5,0,1,-3.47833,56,-588.999
19,293,4,2,4,4,2,-4.62039,51,-530.393
20,293,3,3,3,6,3,-4.48541,49,-503.933
1,294,6,3,6,5,0,-3.75637,50,-520.249
2,294,5,2,5,4,1,-3.87363,51,-535.856
3,294,6,3,6,6,0,-4.21248,49,-526.635
4,294,3,2,3,4,3,-4.04692,52,-536.144
6,294,6,3,6,6,0,-3.67861,51,-530.61
7,294,4,2,4,4,2,-3.73172,52,-539.812
8,294,3,2,3,4,3,-4.32803,52,-532.4
9,294,3,2,3,4,3,-4.6427,52,-530.444
10,294,4,2,4,4,2,-3.17172,52,-541.518
11,294,5,2,5,4,1,-3.93078,51,-536.336
12,294,4,2,4,4,2,-4.8269,51,-529.312
13,294,4,1,4,2,2,-3.96139,54,-562.029
14,294,4,0,4,0,2,-3.31322,55,-581.106
16,294,4,1,4,2,2,-3.82452,53,-554.789
20,294,3,3,3,6,3,-4.39516,52,-533.443
1,295,5,1,5,2,1,-3.08306,52,-561.901
2,295,4,0,4,0,2,-3.49211,54,-579.612
3,295,2,2,2,4,4,-4.84502,50,-520.052
4,295,4,2,4,4,2,-3.63038,50,-538.838
7,295,4,2,4,4,2,-3.75987,50,-534.282
8,295,5,1,5,2,1,-3.08594,53,-574.327
9,295,5,3,5,6,1,-3.96505,50,-519.89
10,295,3,3,3,6,3,-4.68915,50,-512.988
11,295,3,1,3,2,3,-3.86137,52,-551.584
12,295,4,3,4,6,2,-4.31751,52,-548.922
13,295,5,2,5,4,1,-2.92859,51,-538.249
14,295,4,2,4,4,2,-4.43275,49,-527.924
15,295,3,2,3,4,3,-3.76827,53,-545.344
16,295,4,3,4,6,2,-3.82116,50,-517.071
17,295,4,2,4,4,2,-3.41108,53,-549.403
19,295,4,1,4,2,2,-3.52452,54,-572.228
20,295,5,1,5,2,1,-3.23651,52,-562.906
2,296,2,2,2,4,4,-4.44792,51,-522.635
3,296,4,2,4,4,2,-3.99159,52,-540.328
4,296,4,2,4,4,2,-3.84855,51,-531.031
5,296,1,1,1,2,5,-4.22194,53,-540.808
6,296,5,2,5,4,1,-4.29046,52,-541.871
7,296,4,1,4,2,2,-3.77357,53,-554.691
8,296,3,2,3,4,3,-3.79853,53,-544.258
9,296,4,3,4,6,2,-3.69565,52,-537.709
10,296,3,2,3,4,3,-4.86459,51,-525.112
11,296,4,1,4,2,2,-3.68371,53,-554.874
13,296,5,3,5,6,1,-4.13319,52,-542.859
14,296,4,2,4,4,2,-4.16389,52,-539.907
15,296,4,2,4,4,2,-4.3348,51,-531.21
16,296,5,3,5,6,1,-4.0797,51,-527.455
18,296,5,3,5,6,1,-4.02333,49,-513.002
19,296,4,1,4,2,2,-3.16527,53,-557.309
1,297,4,3,4,6,2,-4.81699,48,-504.303
3,297,3,3,3,6,3,-3.83799,49,-515.115
4,297,3,3,3,6,3,-4.72994,50,-509.351
5,297,5,3,5,6,1,-4.24558,49,-512.627
6,297,4,2,4,4,2,-3.81579,49,-529.788
9,297,4,3,4,6,2,-4.53708,45,-492.15
10,297,5,3,5,6,1,-3.70996,51,-528.959
13,297,2,3,2,5,4,-5.27047,49,-496.208
14,297,5,1,5,2,1,-2.88382,53,-571.867
15,297,4,3,4,5,2,-4.64673,48,-507.645
16,297,3,3,3,6,3,-4.73566,48,-506.624
17,297,6,3,6,6,0,-4.65307,49,-515.766
19,297,3,2,3,4,3,-4.17002,51,-528.542
20,297,4,1,4,2,2,-4.0913,51,-551.808
1,298,4,3,4,6,2,-3.65363,50,-516.195
2,298,3,2,3,4,3,-3.90646,53,-540.875
3,298,3,3,3,6,3,-4.88631,52,-521.206
4,298,6,2,6,4,0,-3.26051,52,-558.269
6,298,3,3,3,6,3,-4.61706,48,-509.251
8,298,5,1,5,2,1,-3.22646,52,-562.307
9,298,4,3,4,6,2,-4.09853,50,-515.589
12,298,5,2,5,4,1,-3.71474,55,-587.504
13,298,4,3,4,6,2,-3.36403,50,-537.445
16,298,5,2,5,4,1,-3.37448,51,-546.46
17,298,4,0,4,0,2,-2.84703,55,-590.988
18,298,3,2,3,4,3,-3.74295,49,-527.327
19,298,4,3,4,6,2,-4.26364,48,-513.734
20,298,5,2,5,4,1,-3.53229,51,-547.506
1,299,4,2,4,4,2,-4.24994,52,-537.2
2,299,3,3,3,6,3,-4.29533,51,-517.788
3,299,5,3,5,6,1,-4.09062,50,-520.24
4,299,5,3,5,6,1,-3.94853,52,-533.004
6,299,3,2,3,4,3,-4.31321,52,-533.622
7,299,5,3,5,5,1,-4.07704,49,-509.344
8,299,2,3,2,6,4,-4.26683,49,-500.103
10,299,2,3,2,6,4,-5.11858,52,-515.376
12,299,4,3,4,6,2,-3.4693,50,-518.676
13,299,6,3,6,6,0,-3.85577,49,-513.207
15,299,3,3,3,6,3,-4.54715,50,-510.185
16,299,6,2,6,4,0,-3.63095,52,-548.936
17,299,3,3,3,6,3,-4.74038,49,-504.123
18,299,3,2,3,4,3,-4.00579,53,-552.532
19,299,2,2,2,4,4,-3.67538,52,-533.96
20,299,4,3,4,6,2,-4.13177,50,-516.182
2,300,5,1,5,2,1,-3.57984,52,-560.468
3,300,5,3,5,6,1,-3.57973,47,-511.274
5,300,4,2,4,4,2,-4.00373,53,-566.222
6,300,4,3,4,6,2,-4.02108,50,-522.596
10,300,5,3,5,6,1,-3.77803,49,-525.015
11,300,4,3,4,6,2,-4.31278,50,-521.926
12,300,3,3,3,6,3,-4.7581,50,-511.426
14,300,6,2,6,4,0,-3.18797,51,-540.161
17,300,6,3,6,6,0,-4.75133,50,-533.844
18,300,5,3,5,6,1,-4.61565,48,-517.16
20,300,4,2,4,4,2,-4.29806,50,-529.976
1,301,5,1,5,2,1,-3.65204,53,-559.672
2,301,5,3,5,6,1,-4.06712,50,-520.003
3,301,6,3,6,6,0,-4.29319,49,-517.866
5,301,5,2,5,4,1,-3.71771,51,-534.913
6,301,6,1,6,2,0,-3.23461,53,-564.08
8,301,3,1,3,2,3,-4.37202,53,-549.646
9,301,3,3,3,6,3,-4.79578,51,-514.287
10,301,6,1,6,2,0,-2.73425,53,-566.841
11,301,5,3,5,6,1,-4.03419,50,-519.926
13,301,3,1,3,2,3,-4.01591,54,-556.692
14,301,4,2,4,4,2,-3.69483,53,-545.286
15,301,3,2,3,4,3,-3.96977,54,-552.515
16,301,5,3,5,6,1,-4.03489,51,-526.707
17,301,2,1,2,2,4,-3.46326,54,-558.122
18,301,4,1,4,2,2,-3.80005,55,-567.7
19,301,4,2,4,4,2,-4.62845,51,-529.194
20,301,3,2,3,4,3,-4.24241,51,-526.883
3,302,6,3,6,6,0,-4.23687,50,-525.86
5,302,4,3,4,6,2,-3.98471,51,-522.584
6,302,6,2,6,4,0,-3.47385,52,-547.958
7,302,3,3,3,6,3,-4.20038,50,-510.468
8,302,4,2,4,4,2,-4.60413,52,-537.45
9,302,5,2,5,4,1,-4.44783,52,-540.601
10,302,5,1,5,2,1,-2.83259,55,-579.145
11,302,5,2,5,4,1,-3.72894,51,-535.483
13,302,5,2,5,4,1,-3.9285,53,-551.226
14,302,3,1,3,2,3,-3.50546,54,-559.153
17,302,2,3,2,6,4,-3.80516,52,-522.625
18,302,4,1,4,2,2,-3.79328,55,-569.021
19,302,5,2,5,4,1,-4.53831,51,-536.083
20,302,3,2,3,4,3,-4.28538,52,-534.666
1,303,4,3,4,6,2,-3.89749,47,-506.213
4,303,5,2,5,4,1,-3.4549,51,-545.888
5,303,4,3,4,6,2,-4.15858,50,-523.028
8,303,4,2,4,4,2,-3.57484,50,-538.198
10,303,3,2,3,4,3,-4.51499,50,-530.652
11,303,4,3,4,6,2,-4.03293,51,-523.251
12,303,5,2,5,4,1,-3.78736,54,-582.273
13,303,5,2,5,4,1,-3.00291,53,-555.133
14,303,4,3,4,6,2,-4.81508,49,-506.538
15,303,5,2,5,4,1,-3.61006,52,-561.775
17,303,4,1,4,2,2,-3.05786,54,-579.216
18,303,4,2,4,4,2,-3.58289,52,-541.349
19,303,4,2,4,4,2,-3.94431,52,-540.696
20,303,5,3,5,6,1,-3.84046,50,-520.656
2,304,6,3,6,6,0,-3.91894,49,-527.63
3,304,3,2,3,4,3,-3.56432,49,-528.187
4,304,3,3,3,6,3,-4.8259,50,-508.782
5,304,4,1,4,2,2,-3.66666,51,-553.56
8,304,5,3,5,6,1,-4.58815,50,-519.075
9,304,4,2,4,4,2,-4.26133,52,-561.085
10,304,5,3,5,6,1,-3.78241,50,-532.29
11,304,4,2,4,4,2,-4.13408,51,-532.188
14,304,4,2,4,4,2,-3.4077,52,-541.883
15,304,4,2,4,4,2,-4.56516,51,-531.994
17,304,5,3,5,6,1,-4.70622,49,-513.203
18,304,4,2,4,4,2,-4.42475,49,-529.563
19,304,5,2,5,4,1,-4.15524,50,-542.701
20,304,3,2,3,4,3,-4.2877,50,-530.589
1,305,4,3,4,6,2,-4.70972,50,-514.61
2,305,6,3,6,6,0,-4.02305,49,-515.67
5,305,5,2,5,4,1,-3.95963,50,-540.195
7,305,3,3,3,6,3,-4.83438,48,-501.011
8,305,6,3,6,6,0,-4.24628,47,-513.279
10,305,5,3,5,6,1,-3.88337,50,-519.713
11,305,5,2,5,4,1,-4.01051,52,-542.817
12,305,3,1,3,2,3,-4.12427,51,-548.888
13,305,2,2,2,4,4,-5.03,47,-504.049
15,305,6,3,6,6,0,-4.53642,48,-518.125
18,305,3,3,3,6,3,-4.76531,48,-508.009
19,305,4,1,4,2,2,-3.74816,54,-562.628
20,305,4,2,4,4,2,-4.24346,52,-537.526
1,306,2,2,2,4,4,-4.72647,49,-519.644
2,306,6,3,6,6,0,-3.87864,51,-530.981
8,306,6,3,6,6,0,-4.4381,49,-518.662
9,306,5,1,5,2,1,-3.72389,52,-562.048
10,306,4,3,4,6,2,-3.82438,51,-524.779
11,306,5,2,5,4,1,-3.93928,50,-540.749
13,306,4,2,4,4,2,-4.79396,51,-527.779
15,306,4,3,4,6,2,-4.63205,50,-514.938
17,306,5,3,5,6,1,-4.64243,49,-511.761
19,306,5,2,5,4,1,-4.03945,52,-545.053
2,307,5,2,5,4,1,-3.90609,50,-537.38
3,307,2,3,2,6,4,-3.95693,48,-507.516
5,307,4,3,4,6,2,-4.01766,49,-519.092
6,307,3,1,3,2,3,-3.64989,53,-564.886
8,307,5,3,5,6,1,-4.4537,49,-511.405
9,307,4,3,4,6,2,-4.35613,51,-523.165
11,307,3,3,3,6,3,-4.35097,49,-514.198
12,307,2,2,2,4,4,-4.43748,50,-528.565
13,307,3,3,3,6,3,-5.2955,50,-506.755
14,307,3,1,3,2,3,-3.15141,54,-561.998
15,307,6,3,6,6,0,-4.5041,47,-515.017
16,307,2,1,2,2,4,-4.27552,52,-547.681
17,307,5,3,5,6,1,-4.70648,49,-512.355
18,307,2,3,2,6,4,-4.78063,49,-498.396
20,307,4,1,4,2,2,-4.08587,51,-552.377
1,308,4,3,4,6,2,-4.54313,49,-506.719
2,308,5,2,5,4,1,-3.84086,51,-548.462
4,308,3,1,3,2,3,-4.2638,51,-547.179
5,308,6,2,6,4,0,-4.04024,50,-553.352
6,308,4,2,4,4,2,-3.84565,50,-531.951
7,308,4,2,4,4,2,-4.46451,50,-537.771
8,308,4,3,4,6,2,-4.68584,49,-508.546
9,308,3,2,3,4,3,-4.3722,48,-519.021
10,308,6,3,6,6,0,-3.69398,49,-529.307
11,308,4,2,4,4,2,-4.05708,50,-535.912
12,308,4,2,4,4,2,-4.34759,51,-543.02
14,308,4,2,4,4,2,-3.2407,51,-547.849
15,308,4,3,4,6,2,-4.71625,49,-514.764
16,308,2,2,2,4,4,-4.61976,50,-519.114
17,308,5,3,5,6,1,-5.00223,50,-529.804
18,308,3,3,3,6,3,-4.79173,47,-501.166
19,308,4,2,4,4,2,-4.00493,52,-538.649
20,308,4,3,4,6,2,-4.48733,51,-521.167
2,309,6,1,6,2,0,-3.48733,52,-563.576
3,309,3,2,3,4,3,-3.52906,51,-539.603
4,309,3,2,3,4,3,-4.44821,52,-532.927
5,309,4,2,4,4,2,-3.95219,53,-558.11
6,309,3,2,3,4,3,-3.95057,53,-541.997
7,309,3,1,3,2,3,-4.19943,52,-554.603
8,309,5,3,5,6,1,-4.70735,48,-511.01
9,309,4,2,4,4,2,-4.18636,53,-546.465
10,309,6,2,6,4,0,-3.3131,51,-542.821
11,309,6,3,6,6,0,-4.11384,50,-524.119
12,309,3,2,3,4,3,-4.48745,52,-532.877
13,309,2,1,2,2,4,-4.71887,52,-546.249
14,309,4,3,4,6,2,-3.73523,52,-544.914
16,309,2,3,2,6,4,-4.69909,50,-503.889
17,309,6,3,6,5,0,-4.59349,48,-508.451
18,309,4,2,4,4,2,-4.52257,50,-528.059
19,309,4,3,4,6,2,-4.56013,50,-524.286
1,310,3,3,3,6,3,-4.8692,48,-507.464
2,310,5,1,5,2,1,-3.54048,52,-560.639
3,310,4,2,4,4,2,-3.35764,51,-535.066
4,310,3,3,3,6,3,-4.75573,49,-503.08
7,310,3,1,3,2,3,-4.24378,51,-549.681
8,310,4,3,4,6,2,-4.80028,49,-508.624
9,310,4,2,4,4,2,-4.25627,51,-531.776
10,310,5,2,5,4,1,-3.52493,50,-535.665
11,310,4,2,4,4,2,-4.08949,50,-532.221
12,310,2,3,2,6,4,-4.80591,51,-510.938
13,310,3,2,3,4,3,-4.77897,50,-518.684
14,310,4,2,4,4,2,-3.25927,52,-541.877
16,310,3,3,3,6,3,-4.78322,49,-502.802
17,310,6,3,6,6,0,-4.49508,49,-514.736
18,310,3,3,3,6,3,-4.70429,49,-506.049
19,310,4,3,4,6,2,-4.36697,49,-508.362
1,311,5,2,5,4,1,-4.05243,53,-548.805
2,311,5,2,5,4,1,-3.93715,51,-537.463
4,311,6,2,6,4,0,-3.87828,51,-539.135
5,311,5,2,5,4,1,-4.11352,51,-537.31
6,311,4,2,4,4,2,-4.20727,52,-538.292
7,311,5,3,5,6,1,-4.33405,49,-512.092
9,311,3,1,3,2,3,-3.15248,53,-556.416
10,311,4,2,4,4,2,-4.76446,51,-530.581
12,311,5,3,5,6,1,-3.69382,51,-536.978
13,311,5,3,5,6,1,-4.2537,51,-535.904
16,311,6,3,6,6,0,-3.94277,50,-524.794
17,311,5,2,5,4,1,-4.38468,51,-535.208
19,311,4,2,4,4,2,-3.36098,52,-542.402
20,311,3,2,3,3,3,-3.80031,50,-518.651
1,312,4,1,4,2,2,-3.83281,55,-570.06
2,312,3,2,3,4,3,-4.07518,51,-528.797
3,312,5,1,5,2,1,-3.61404,54,-567.324
4,312,5,3,5,6,1,-4.23474,49,-510.978
5,312,4,2,4,4,2,-4.23597,52,-547.083
6,312,4,2,4,4,2,-4.29842,53,-553.224
7,312,6,2,6,4,0,-3.89107,51,-539.861
8,312,2,1,2,2,4,-3.61697,54,-557.245
9,312,4,3,4,6,2,-3.49112,51,-524.925
10,312,2,3,2,6,4,-5.1923,49,-497.391
15,312,4,2,4,4,2,-4.20669,51,-531.769
16,312,5,3,5,6,1,-3.99463,51,-525.683
17,312,5,2,5,4,1,-4.30896,51,-534.157
18,312,3,1,3,2,3,-3.55958,54,-562.133
19,312,3,1,3,2,3,-3.28641,53,-555.289
1,313,6,2,6,4,0,-3.30713,50,-547.764
2,313,4,2,4,4,2,-3.9333,52,-539.087
5,313,5,2,5,4,1,-3.73765,51,-543.064
6,313,2,1,2,2,4,-4.08194,54,-552.696
7,313,4,3,4,6,2,-3.86763,50,-525.121
8,313,4,1,4,2,2,-3.2838,53,-566.005
9,313,5,3,5,6,1,-4.10087,50,-531.314
11,313,5,1,5,2,1,-3.61143,51,-557.617
13,313,6,2,6,4,0,-2.75725,53,-566.458
14,313,4,2,4,4,2,-4.7019,49,-527.719
15,313,5,3,5,6,1,-3.97109,51,-554.697
16,313,3,2,3,4,3,-3.73073,50,-534.151
17,313,5,2,5,4,1,-3.49268,51,-544.474
18,313,4,2,4,4,2,-3.57843,50,-534.264
19,313,4,0,4,0,2,-3.28342,55,-589.22
20,313,5,3,5,6,1,-3.74329,51,-527.992
2,314,3,3,3,6,3,-4.27242,51,-518.857
3,314,3,2,3,4,3,-3.89545,53,-541.74
4,314,5,3,5,6,1,-3.94518,51,-526.141
5,314,3,2,3,4,3,-4.18031,51,-527.712
6,314,5,2,5,4,1,-4.08248,51,-535.199
7,314,4,3,4,6,2,-4.68979,51,-533.155
8,314,3,1,3,2,3,-3.48222,54,-561.411
10,314,4,3,4,6,2,-4.9896,52,-536.488
11,314,3,3,3,6,3,-4.21871,50,-510.077
12,314,5,3,5,6,1,-3.29133,51,-531.093
13,314,4,2,4,4,2,-4.12493,55,-578.244
14,314,3,3,3,6,3,-4.63127,52,-542.535
15,314,3,2,3,4,3,-4.31093,51,-526.917
16,314,5,2,5,4,1,-3.83474,52,-544.201
17,314,4,2,4,4,2,-4.63336,52,-548.154
18,314,5,2,5,4,1,-3.61166,52,-545.171
19,314,5,2,5,4,1,-3.25744,51,-538.042
3,315,4,0,4,0,2,-3.39711,55,-580.304
4,315,5,3,5,6,1,-3.92835,51,-525.188
6,315,5,3,5,6,1,-4.35455,51,-527.343
7,315,5,1,5,2,1,-3.83018,54,-568.189
9,315,5,2,5,4,1,-3.24603,52,-546.209
11,315,5,3,5,6,1,-4.08424,50,-517.904
12,315,4,1,4,2,2,-2.92839,53,-559.748
15,315,4,3,4,6,2,-4.52104,51,-521.314
17,315,4,3,4,6,2,-4.67056,50,-516.002
18,315,6,3,6,6,0,-3.74206,51,-532.732
19,315,5,3,5,6,1,-3.45095,51,-528.323
20,315,2,1,2,2,4,-3.71098,54,-556.472
1,316,5,2,5,4,1,-3.4438,50,-537.793
5,316,5,2,5,4,1,-3.86355,48,-527.707
6,316,4,2,4,4,2,-4.18785,49,-529.774
8,316,5,1,5,2,1,-2.98747,54,-578.066
9,316,5,2,5,4,1,-3.95299,49,-535.616
11,316,3,2,3,4,3,-3.9804,53,-541.646
12,316,4,3,4,6,2,-4.28221,55,-563.004
13,316,5,2,5,4,1,-2.99426,51,-547.67
18,316,3,3,3,6,3,-4.10184,50,-513.281
19,316,3,1,3,2,3,-3.75749,52,-557.117
20,316,5,2,5,4,1,-3.56819,50,-543.141
1,317,3,1,3,2,3,-3.44548,53,-553.088
3,317,6,3,6,6,0,-4.28756,50,-533.35
6,317,5,3,5,6,1,-3.92835,49,-511.877
7,317,5,3,5,6,1,-3.87847,50,-518.962
8,317,5,1,5,2,1,-4.00119,53,-559.199
9,317,4,2,4,4,2,-4.68527,52,-535.644
10,317,4,1,4,2,2,-3.03193,53,-558.296
13,317,5,2,5,4,1,-3.97515,53,-551.447
15,317,3,3,3,5,3,-3.99928,51,-515.412
18,317,4,2,4,4,2,-4.03865,53,-545.008
1,318,5,3,5,6,1,-3.54081,50,-530.802
2,318,5,3,5,6,1,-4.14267,52,-533.904
3,318,1,2,1,4,5,-4.79565,51,-515.186
5,318,5,0,5,0,1,-3.29824,55,-591.265
6,318,3,3,3,6,3,-4.48736,49,-514.623
7,318,5,2,5,4,1,-3.60828,52,-545.729
9,318,5,3,5,6,1,-4.15783,49,-532.197
10,318,3,2,3,4,3,-4.685,54,-564.904
12,318,4,2,4,4,2,-3.89853,54,-566.51
13,318,4,0,4,0,2,-2.52013,55,-593.567
15,318,4,2,4,4,2,-3.54782,52,-542.208
16,318,4,2,4,4,2,-3.5036,52,-541.183
17,318,4,1,4,2,2,-3.27704,52,-558.594
18,318,4,3,4,6,2,-3.84085,49,-510.566
20,318,4,2,4,4,2,-3.71398,50,-537.532
3,319,6,2,6,4,0,-3.95629,51,-541.404
4,319,4,2,4,4,2,-4.21173,51,-531.402
5,319,4,3,4,6,2,-4.25448,49,-507.834
7,319,4,1,4,2,2,-3.49725,54,-563.199
8,319,3,2,3,4,3,-4.27603,52,-534.239
10,319,4,3,4,6,2,-3.48314,50,-516.598
12,319,5,3,5,6,1,-4.98061,51,-523.552
13,319,3,2,3,4,3,-4.23868,51,-526.766
14,319,4,3,4,6,2,-4.29031,53,-554.661
15,319,5,2,5,4,1,-3.53801,53,-549.853
17,319,2,2,2,3,4,-3.69251,51,-524.22
18,319,5,2,5,4,1,-4.04556,52,-542.184
19,319,5,2,5,4,1,-4.54435,51,-534.222
20,319,3,2,3,4,3,-4.25211,51,-527.021
1,320,5,2,5,4,1,-3.6632,51,-535.316
2,320,4,3,4,6,2,-4.16594,50,-515.881
3,320,6,3,6,6,0,-4.17149,52,-547.244
5,320,4,3,4,6,2,-4.12783,51,-520.892
6,320,5,3,5,6,1,-3.78472,50,-518.807
7,320,5,2,5,4,1,-3.7142,52,-543.84
11,320,3,2,3,4,3,-4.02545,51,-529.086
12,320,4,2,4,4,2,-4.83852,51,-528.815
14,320,4,2,4,4,2,-3.897,52,-540.929
16,320,4,2,4,4,2,-4.04755,52,-538.219
17,320,2,2,2,4,4,-3.75047,54,-548.273
18,320,4,2,4,4,2,-4.10157,54,-549.985
19,320,3,3,3,6,3,-5.04591,50,-508.318
20,320,3,2,3,4,3,-4.22281,52,-534.785
1,321,6,2,6,4,0,-3.30774,50,-541.95
2,321,4,2,4,4,2,-3.8729,51,-540.315
4,321,4,0,4,0,2,-3.02971,54,-582.501
5,321,4,2,4,4,2,-3.87588,51,-531.425
7,321,4,1,4,2,2,-3.41731,52,-559.715
8,321,4,1,4,2,2,-3.17388,54,-566.099
10,321,3,2,3,4,3,-4.70613,52,-547.602
14,321,3,3,3,6,3,-4.87532,48,-499.539
16,321,4,3,4,6,2,-3.69767,48,-513.214
17,321,5,2,5,4,1,-3.28688,53,-561.91
1,322,5,3,5,6,1,-3.80756,51,-526.191
2,322,5,3,5,6,1,-4.21387,50,-520.307
3,322,6,2,6,4,0,-4.01566,51,-541.548
4,322,4,2,4,4,2,-4.1633,51,-533.857
5,322,4,2,4,4,2,-3.94865,52,-538.271
6,322,5,2,5,4,1,-3.57163,52,-543.402
7,322,3,0,3,0,3,-3.32369,56,-583.046
10,322,4,3,4,6,2,-3.39793,51,-525.277
11,322,4,3,4,6,2,-4.30871,49,-508.252
12,322,4,3,4,6,2,-4.94604,49,-505.807
14,322,6,2,6,4,0,-3.77038,52,-548.166
15,322,4,2,4,4,2,-3.70134,52,-540.748
16,322,4,3,4,6,2,-4.31213,50,-515.028
18,322,5,1,5,2,1,-3.82825,54,-564.315
19,322,4,2,4,4,2,-4.62604,51,-528.83
3,323,4,2,4,4,2,-3.68746,53,-547.508
4,323,5,2,5,4,1,-3.70829,51,-535.099
12,323,5,2,5,4,1,-3.10386,52,-546.811
13,323,6,3,6,6,0,-3.8849,50,-524.606
14,323,5,3,5,6,1,-4.42459,52,-551.522
16,323,6,2,6,4,0,-3.70499,52,-548.623
18,323,5,3,5,6,1,-3.91644,50,-520.736
20,323,4,2,4,4,2,-3.75217,52,-541.212
1,324,4,3,4,6,2,-4.67063,48,-505.584
2,324,5,2,5,4,1,-3.78419,52,-551.781
5,324,5,2,5,4,1,-3.92578,51,-536.154
6,324,4,1,4,2,2,-3.46982,51,-553.953
7,324,4,2,4,4,2,-4.37475,51,-536.552
8,324,5,3,5,6,1,-4.46751,49,-511.757
10,324,5,2,5,4,1,-3.64987,51,-536.738
11,324,5,3,5,6,1,-4.28592,49,-511.439
15,324,4,2,4,4,2,-4.42387,51,-531.119
17,324,5,3,5,5,1,-4.79829,48,-502.936
20,324,4,2,4,4,2,-4.39414,52,-535.926
1,325,2,1,2,2,4,-3.94672,56,-566.195
6,325,4,2,4,4,2,-4.21838,51,-529.964
7,325,5,2,5,4,1,-4.06718,52,-544.313
8,325,3,2,3,4,3,-3.61279,54,-551.902
9,325,3,1,3,2,3,-3.20226,53,-555.14
10,325,2,1,2,2,4,-4.71664,53,-543.685
11,325,5,1,5,2,1,-3.50812,54,-566.083
12,325,4,2,4,4,2,-3.03035,52,-542.513
13,325,5,2,5,4,1,-3.88582,51,-538.658
14,325,5,3,5,6,1,-4.50009,50,-519.426
15,325,5,2,5,4,1,-4.04002,51,-536.224
16,325,5,1,5,2,1,-3.54022,53,-561.365
18,325,4,3,4,6,2,-4.02084,51,-531.229
19,325,3,2,3,3,3,-3.43405,51,-528.519
20,325,4,1,4,2,2,-3.60192,53,-557.492
3,326,4,2,4,4,2,-4.57597,50,-535.243
4,326,5,2,5,4,1,-3.4231,51,-537.82
5,326,4,3,4,6,2,-4.18171,48,-504.994
6,326,3,3,3,6,3,-4.64289,50,-523.166
7,326,3,3,3,6,3,-3.98322,50,-512.611
8,326,6,2,6,4,0,-3.15959,52,-548.839
9,326,5,1,5,2,1,-3.49427,53,-560.912
10,326,2,2,2,4,4,-4.49009,50,-525.27
12,326,6,2,6,4,0,-3.67918,55,-580.45
13,326,6,2,6,4,0,-2.97073,49,-539.805
14,326,4,3,4,6,2,-4.70818,50,-512.413
15,326,4,1,4,2,2,-3.2683,55,-582.889
16,326,4,3,4,6,2,-3.7502,51,-525.999
20,326,5,2,5,4,1,-3.60033,50,-538.975
1,327,5,0,5,0,1,-3.56723,55,-582.033
2,327,3,3,3,6,3,-4.35427,50,-511.238
3,327,4,1,4,2,2,-3.57905,53,-557.365
4,327,4,2,4,4,2,-4.00232,52,-539.283
5,327,2,3,2,6,4,-4.47597,52,-519.73
7,327,5,3,5,6,1,-3.99955,50,-518.981
8,327,3,2,3,4,3,-3.86973,51,-528.343
11,327,2,0,2,0,4,-3.50248,57,-585.627
12,327,4,2,4,4,2,-3.35292,51,-536.096
13,327,5,3,5,6,1,-4.03996,49,-512.12
14,327,3,3,3,6,3,-4.6364,49,-502.738
15,327,4,3,4,6,2,-4.25828,51,-521.385
16,327,6,2,6,4,0,-3.66667,51,-540.371
20,327,5,2,5,4,1,-3.71757,52,-543.109
1,328,5,2,5,4,1,-3.92464,53,-549.112
3,328,5,2,5,4,1,-3.89833,56,-580.042
6,328,4,1,4,2,2,-4.07036,53,-554.807
7,328,6,2,6,4,0,-3.70849,52,-546.376
9,328,4,3,4,6,2,-3.58868,50,-517.878
11,328,4,1,4,2,2,-3.69081,55,-569.433
13,328,5,3,5,6,1,-4.11972,49,-513.181
14,328,4,2,4,4,2,-4.16095,51,-530.203
15,328,5,2,5,4,1,-4.24208,51,-535.355
16,328,6,2,6,4,0,-3.6429,52,-548.595
17,328,3,3,3,6,3,-4.69055,49,-502.886
20,328,3,3,3,6,3,-4.23313,53,-539.909
1,329,4,3,4,6,2,-3.79023,47,-507.428
2,329,3,2,3,4,3,-4.16406,50,-526.98
3,329,3,0,3,0,3,-4.08705,54,-571.71
4,329,4,1,4,2,2,-3.26199,52,-558.582
5,329,5,1,5,2,1,-3.63752,54,-567.017
7,329,5,3,5,6,1,-3.98442,49,-512.707
8,329,4,3,4,6,2,-3.69271,48,-512.644
9,329,5,2,5,4,1,-3.60564,50,-542.544
11,329,4,2,4,4,2,-3.88776,49,-530.548
12,329,5,1,5,2,1,-3.45289,56,-600.736
13,329,5,1,5,2,1,-2.82388,53,-572.653
14,329,4,3,4,6,2,-4.95306,48,-503.537
15,329,6,2,6,4,0,-3.49312,53,-571.976
16,329,5,2,5,4,1,-3.5146,52,-566.028
17,329,4,1,4,2,2,-3.1157,55,-572.991
1,330,4,2,4,4,2,-3.73226,52,-537.716
2,330,4,3,4,6,2,-4.1325,49,-507.58
3,330,6,2,6,4,0,-4.00248,51,-542.619
4,330,3,1,3,2,3,-3.64213,54,-560.492
5,330,5,2,5,4,1,-3.74796,52,-543.411
6,330,6,2,6,4,0,-3.38737,51,-540.469
7,330,4,3,4,6,2,-4.04387,51,-523.262
10,330,5,2,5,4,1,-3.10847,53,-560.099
11,330,5,2,5,4,1,-3.7419,52,-543.494
12,330,3,2,3,4,3,-4.9098,52,-530.272
13,330,4,1,4,2,2,-3.93797,53,-555.768
16,330,5,2,5,4,1,-3.92459,52,-542.278
19,330,4,2,4,4,2,-4.72555,52,-544.812
1,331,4,3,4,6,2,-3.79967,49,-508.951
3,331,3,2,3,4,3,-4.53804,51,-532.796
4,331,5,2,5,4,1,-3.34418,52,-553.099
5,331,4,2,4,4,2,-3.98118,52,-539.135
6,331,4,3,4,6,2,-4.47225,49,-508.231
7,331,4,3,4,6,2,-3.8069,52,-539.878
8,331,5,2,5,4,1,-3.32987,52,-544.617
9,331,5,2,5,4,1,-3.78367,51,-546.016
11,331,3,3,3,6,3,-4.32642,46,-494.897
12,331,5,1,5,2,1,-3.50271,53,-573.94
13,331,4,3,4,6,2,-3.47975,50,-530.901
14,331,3,3,3,6,3,-4.96068,47,-498.708
15,331,3,1,3,2,3,-3.31966,54,-571.746
16,331,5,2,5,4,1,-3.52431,52,-545.675
17,331,3,1,3,2,3,-3.08876,55,-570.828
18,331,3,3,3,6,3,-4.04195,48,-508.28
19,331,3,2,3,4,3,-4.22394,49,-526.295
20,331,4,3,4,6,2,-4.02597,51,-542.491
1,332,5,2,5,4,1,-3.81514,51,-535.508
2,332,5,3,5,6,1,-4.17945,50,-519.476
3,332,6,2,6,4,0,-3.96212,52,-556.961
4,332,4,2,4,4,2,-4.10266,53,-547.699
5,332,6,2,6,4,0,-3.71006,52,-547.564
6,332,6,2,6,4,0,-3.51463,51,-540.141
8,332,2,2,2,4,4,-4.75072,54,-560.315
10,332,5,2,5,4,1,-3.22286,52,-545.29
14,332,4,3,4,6,2,-4.03341,51,-522.981
15,332,4,1,4,2,2,-3.42223,55,-573.496
16,332,6,3,6,6,0,-4.11953,50,-523.619
17,332,2,0,2,0,4,-3.22061,56,-581.161
18,332,4,2,4,4,2,-4.04859,53,-543.62
20,332,3,2,3,4,3,-4.30157,51,-526.504
3,333,6,2,6,4,0,-3.92393,51,-542.561
4,333,4,1,4,2,2,-3.745,54,-562.98
5,333,5,2,5,4,1,-3.81833,51,-536.814
6,333,5,3,5,6,1,-3.76914,51,-527.215
7,333,4,2,4,4,2,-3.79499,52,-539.635
8,333,4,2,4,4,2,-4.52233,54,-562.001
9,333,3,1,3,2,3,-4.4182,53,-548.917
10,333,6,2,6,4,0,-3.02447,53,-558.456
11,333,3,1,3,2,3,-3.55154,53,-551.998
12,333,3,2,3,4,3,-4.99905,51,-524.145
13,333,4,2,4,4,2,-4.09266,55,-569.448
14,333,3,2,3,4,3,-4.20124,51,-528.68
15,333,4,2,4,4,2,-3.66627,52,-540.783
16,333,3,2,3,3,3,-4.21079,50,-516.241
19,333,4,3,4,6,2,-4.80305,50,-513.978
20,333,3,2,3,4,3,-4.34796,53,-539.756
2,334,4,2,4,4,2,-3.95806,51,-530.831
4,334,5,3,5,6,1,-3.57179,51,-546.293
6,334,3,3,3,6,3,-4.52991,49,-508.546
7,334,4,2,4,4,2,-3.7305,49,-530.63
9,334,5,3,5,6,1,-4.09365,49,-513.123
10,334,3,1,3,2,3,-4.13432,55,-565.744
11,334,4,3,4,6,2,-4.11248,48,-513.393
12,334,6,1,6,2,0,-3.3233,53,-578.672
15,334,5,1,5,2,1,-3.22843,53,-562.789
16,334,4,0,4,0,2,-2.88867,55,-591.99
18,334,5,3,5,6,1,-3.80615,49,-518.188
19,334,4,3,4,6,2,-4.18234,51,-522.737
20,334,5,3,5,6,1,-3.91092,49,-512.945
1,335,3,2,3,4,3,-3.94648,53,-550.491
2,335,3,1,3,2,3,-3.73599,53,-552.374
3,335,6,3,6,6,0,-4.13037,51,-532.382
4,335,4,2,4,4,2,-4.0098,53,-546.373
5,335,5,3,5,6,1,-3.85555,50,-520.389
6,335,5,2,5,4,1,-3.6055,53,-550.99
9,335,4,3,4,6,2,-4.77559,51,-518.634
10,335,5,2,5,4,1,-3.10722,52,-547.145
11,335,4,2,4,4,2,-3.84945,51,-531.432
12,335,3,2,3,4,3,-5.00665,51,-523.824
15,335,5,0,5,0,1,-3.23708,57,-598.737
16,335,3,2,3,4,3,-4.15505,51,-526.299
18,335,5,2,5,4,1,-3.87529,54,-556.807
19,335,5,3,5,6,1,-4.73365,51,-525.147
