1 289 3 6 3 6 3 0 52 -550.008
1 296 4 3 4 4 2 0 53 -559.479
1 300 3 5 3 6 3 0 52 -539.139
1 302 5 3 5 2 1 0 54 -596.174
1 304 3 5 3 4 3 0 54 -574.963
1 307 5 6 5 6 1 0 51 -556.706
1 309 4 5 4 4 2 0 54 -579.087
1 314 4 2 4 2 2 0 54 -584.608
1 315 4 3 4 0 2 0 57 -622.103
1 319 5 4 5 4 1 0 54 -573.295
1 323 4 1 4 2 2 0 54 -577.126
1 326 6 5 6 6 0 0 51 -553.111
1 333 4 2 4 4 2 0 54 -555.25
1 334 6 6 6 6 0 0 52 -558.115
2 288 4 4 4 2 2 0 56 -601.463
2 297 6 2 6 4 0 0 52 -562.977
2 302 4 4 4 4 2 0 54 -567.509
2 303 5 5 5 6 1 0 52 -547.159
2 315 4 3 4 4 2 0 53 -560.711
2 316 4 4 4 4 2 0 54 -568.168
2 317 3 3 3 4 3 0 54 -555.736
2 319 4 4 4 4 2 0 54 -569.837
2 323 5 6 5 6 1 0 52 -557.192
2 325 3 5 3 4 3 0 54 -572.208
2 326 3 3 3 4 3 0 54 -555.872
2 328 4 4 4 4 2 0 54 -569.672
2 331 4 5 4 4 2 0 52 -573.623
2 333 3 5 3 4 3 0 54 -572.288
3 290 2 5 2 4 4 0 50 -548.391
3 291 5 4 5 4 1 0 53 -571.74
3 292 4 4 4 4 2 0 53 -570.169
3 303 3 4 3 4 3 0 53 -557.027
3 305 2 4 2 2 4 0 56 -593.069
3 306 5 4 5 6 1 0 52 -543.178
3 308 3 3 3 4 3 0 53 -560.183
3 311 5 5 5 6 1 0 51 -547.795
3 313 3 3 3 4 3 0 53 -554.404
3 316 4 5 4 6 2 0 51 -545.134
3 321 4 5 4 4 2 0 53 -569.767
3 324 4 4 4 2 2 0 55 -597.743
3 325 6 2 6 2 0 0 55 -594.21
3 334 4 4 4 4 2 0 50 -548.055
4 300 6 5 6 4 0 0 54 -586.803
4 301 5 4 5 2 1 0 54 -608.163
4 302 4 4 4 4 2 0 53 -570.32
4 305 3 5 3 4 3 0 52 -570.117
4 306 4 6 4 6 2 0 52 -553.149
4 307 3 5 3 6 3 0 52 -539.372
4 313 4 2 4 4 2 0 51 -554.515
4 316 4 3 4 4 2 0 53 -563.052
4 317 4 5 4 6 2 0 52 -545.872
4 318 4 3 4 2 2 0 54 -591.346
4 320 5 5 5 6 1 0 52 -550.754
4 324 4 4 4 4 2 0 54 -568.411
4 325 5 4 5 2 1 0 55 -603.097
4 328 5 4 5 4 1 0 53 -572.566
5 289 4 4 4 2 2 0 55 -600.052
5 293 4 4 4 4 2 0 53 -569.329
5 294 4 4 4 2 2 0 55 -598.717
5 295 5 6 5 6 1 0 50 -552.19
5 298 4 5 4 6 2 0 50 -542.17
5 299 4 4 4 4 2 0 54 -567.396
5 306 4 4 4 2 2 0 55 -599.394
5 310 4 3 4 4 2 0 54 -560.789
5 315 5 4 5 6 1 0 52 -541.038
5 317 4 5 4 4 2 0 54 -575.451
5 323 4 5 4 3 2 0 53 -568.006
5 325 3 5 3 4 3 0 54 -571.487
5 328 4 4 4 4 2 0 54 -568.642
5 334 5 3 5 2 1 0 54 -594.662
6 288 6 5 6 4 0 0 54 -586.467
6 290 3 3 3 2 3 0 56 -587.58
6 292 4 3 4 4 2 0 54 -561.139
6 295 4 3 4 2 2 0 56 -591.72
6 303 4 5 4 4 2 0 54 -579.466
6 304 3 4 3 4 3 0 53 -561.013
6 305 3 3 3 4 3 0 53 -553.161
6 306 3 3 3 2 3 0 55 -590.352
6 310 5 3 5 4 1 0 53 -558.495
6 319 6 5 6 4 0 0 54 -581.131
6 321 4 5 4 4 2 0 54 -577.737
6 323 5 6 5 6 1 0 51 -555.975
6 327 5 4 5 6 1 0 51 -542.032
6 329 5 5 5 6 1 0 52 -549.849
7 291 5 4 5 4 1 0 53 -575.525
7 293 5 3 5 4 1 0 53 -564.163
7 297 4 4 4 5 2 0 50 -530.496
7 298 5 4 5 4 1 0 54 -573.15
7 300 4 4 4 4 2 0 53 -571.175
7 301 4 3 4 2 2 0 55 -593.006
7 303 5 5 5 4 1 0 53 -579.419
7 304 4 5 4 6 2 0 50 -542.747
7 306 4 4 4 4 2 0 54 -568.979
7 307 4 5 4 6 2 0 51 -544.14
7 316 6 5 6 4 0 0 53 -584.82
7 323 5 5 5 6 1 0 51 -549.454
7 332 4 2 4 2 2 0 54 -586.656
7 335 3 3 3 2 3 0 55 -589.083
8 288 3 3 3 4 3 0 53 -559.282
8 290 4 3 4 4 2 0 52 -559.702
8 297 5 6 5 5 1 0 51 -553.904
8 300 5 6 5 6 1 0 52 -562.358
8 311 5 4 5 6 1 0 52 -542.21
8 315 5 3 5 0 1 0 57 -628.263
8 318 4 4 4 4 2 0 54 -569.153
8 320 4 5 4 4 2 0 54 -578.156
8 322 5 3 5 4 1 0 53 -564.573
8 323 6 3 6 4 0 0 54 -570.619
8 328 5 4 5 4 1 0 53 -573.294
8 330 5 4 5 6 1 0 52 -543.509
8 334 4 4 4 6 2 0 51 -534.756
8 335 6 5 6 4 0 0 53 -587.026
9 299 4 3 4 4 2 0 54 -563.81
9 300 6 4 6 6 0 0 51 -548.839
9 303 6 5 6 4 0 0 53 -582.092
9 305 5 4 5 4 1 0 52 -573.132
9 314 5 3 5 4 1 0 54 -567.102
9 319 4 3 4 4 2 0 53 -557.319
9 320 2 2 2 2 4 0 56 -570.795
9 321 6 5 6 6 0 0 52 -552.923
9 322 3 4 3 2 3 0 55 -594.567
9 323 3 3 3 4 3 0 53 -561.088
9 324 5 5 5 4 1 0 51 -574.279
9 327 4 4 4 2 2 0 56 -600.395
9 330 4 2 4 2 2 0 54 -582.084
9 332 3 3 3 2 3 0 56 -585.977
10 288 4 5 4 4 2 0 54 -578.264
10 289 5 5 5 4 1 0 54 -579.955
10 293 6 4 6 4 0 0 53 -575.308
10 298 5 3 5 2 1 0 55 -598.614
10 307 5 5 5 4 1 0 52 -580.47
10 313 4 5 4 4 2 0 53 -579.241
10 315 5 4 5 6 1 0 52 -541.533
10 316 4 3 4 4 2 0 52 -557.258
10 320 6 5 6 6 0 0 52 -550.287
10 323 5 5 5 4 1 0 53 -582.392
10 327 4 4 4 4 2 0 54 -569.6
10 328 4 4 4 4 2 0 53 -571.389
10 329 4 3 4 2 2 0 55 -591.105
10 331 3 2 3 0 3 0 55 -612.144
11 289 5 4 5 4 1 0 54 -572.748
11 292 4 4 4 2 2 0 56 -599.772
11 297 5 5 5 4 1 0 52 -577.851
11 298 4 5 4 4 2 0 54 -575.743
11 299 4 2 4 2 2 0 55 -585.124
11 311 4 4 4 4 2 0 53 -568.671
11 312 5 4 5 4 1 0 53 -571.649
11 317 5 3 5 4 1 0 54 -565.354
11 318 5 4 5 4 1 0 54 -572.165
11 319 5 4 5 4 1 0 53 -573.738
11 321 4 5 4 6 2 0 52 -543.421
11 323 5 3 5 2 1 0 55 -595.384
11 326 5 4 5 4 1 0 53 -573.226
11 332 6 4 6 6 0 0 52 -545.341
12 289 4 4 4 4 2 0 54 -570.17
12 296 5 5 5 4 1 0 53 -578.162
12 297 5 5 5 6 1 0 52 -551.711
12 301 4 4 4 6 2 0 52 -534.85
12 302 4 4 4 2 2 0 56 -600.984
12 304 4 3 4 2 2 0 53 -591.412
12 306 4 3 4 4 2 0 53 -560.128
12 312 5 5 5 4 1 0 53 -582.534
12 313 6 5 6 6 0 0 52 -560.38
12 317 5 3 5 4 1 0 53 -563.258
12 321 6 4 6 4 0 0 53 -582.625
12 324 5 5 5 4 1 0 54 -585.018
12 328 4 4 4 6 2 0 52 -539.131
12 332 5 5 5 6 1 0 52 -549.629
13 289 3 6 3 6 3 0 52 -548.479
13 292 3 5 3 6 3 0 52 -539.906
13 300 3 5 3 6 3 0 52 -540.216
13 304 3 5 3 4 3 0 54 -572.955
13 308 3 4 3 4 3 0 53 -563.258
13 312 5 5 5 6 1 0 52 -548.352
13 315 5 5 5 4 1 0 54 -587.254
13 320 4 4 4 4 2 0 53 -568.487
13 321 6 3 6 2 0 0 54 -598.896
13 322 4 4 4 6 2 0 51 -536.457
13 324 5 4 5 2 1 0 53 -604.079
13 332 3 3 3 4 3 0 53 -556.337
13 334 6 4 6 4 0 0 52 -574.249
13 335 5 3 5 2 1 0 55 -595.879
14 298 5 6 5 6 1 0 52 -558.105
14 299 5 4 5 4 1 0 54 -572.665
14 305 4 3 4 2 2 0 55 -593.857
14 306 5 4 5 6 1 0 52 -541.758
14 311 4 4 4 4 2 0 54 -569.388
14 312 4 5 4 6 2 0 52 -544.612
14 315 5 4 5 4 1 0 54 -574.701
14 316 5 5 5 4 1 0 53 -579.134
14 317 6 2 6 2 0 0 54 -597.574
14 318 4 5 4 6 2 0 52 -543.875
14 324 5 3 5 2 1 0 54 -595.411
14 330 6 3 6 4 0 0 53 -568.522
14 334 4 6 4 6 2 0 52 -552.963
14 335 6 5 6 4 0 0 53 -583.729
15 288 4 6 4 6 2 0 52 -551.697
15 291 3 5 3 6 3 0 52 -540.334
15 294 4 5 4 4 2 0 54 -575.185
15 298 5 3 5 2 1 0 55 -599.856
15 300 4 5 4 4 2 0 51 -570.483
15 302 5 4 5 4 1 0 54 -575.276
15 309 4 4 4 4 2 0 53 -569.701
15 310 4 4 4 4 2 0 51 -552.784
15 311 4 5 4 4 2 0 54 -576.454
15 316 5 3 5 2 1 0 54 -600.945
15 320 4 4 4 2 2 0 55 -599.463
15 321 4 3 4 4 2 0 53 -563.206
15 323 5 6 5 6 1 0 52 -557.48
15 330 3 4 3 4 3 0 53 -566.212
16 290 5 3 5 2 1 0 55 -598.316
16 292 4 4 4 4 2 0 53 -565.807
16 293 3 3 3 2 3 0 55 -586.813
16 300 5 6 5 6 1 0 52 -559.205
16 302 4 3 4 2 2 0 55 -589.711
16 303 5 3 5 2 1 0 53 -596.479
16 304 2 4 2 6 4 0 52 -525.428
16 305 2 4 2 2 4 0 56 -591.177
16 306 4 4 4 4 2 0 54 -568.089
16 315 6 5 6 4 0 0 54 -584.764
16 316 6 6 6 6 0 0 52 -557.631
16 317 3 2 3 2 3 0 55 -578.322
16 319 4 4 4 6 2 0 52 -534.476
16 324 5 4 5 4 1 0 53 -573.162
17 294 3 3 3 2 3 0 55 -590.919
17 296 4 6 4 6 2 0 52 -558.097
17 305 6 6 6 6 0 0 52 -563.44
17 316 5 2 5 4 1 0 51 -559.18
17 317 4 5 4 4 2 0 53 -575.222
17 322 5 1 5 0 1 0 56 -616.975
17 323 3 6 3 6 3 0 52 -554.892
17 325 3 6 3 6 3 0 52 -553.587
17 326 5 2 5 0 1 0 55 -619.774
17 327 4 5 4 6 2 0 52 -549.754
17 330 4 3 4 4 2 0 53 -563.027
17 333 3 4 3 4 3 0 53 -565.511
17 334 6 2 6 2 0 0 53 -592.023
17 335 5 3 5 4 1 0 53 -565.625
18 292 5 6 5 6 1 0 51 -554.327
18 294 5 1 5 0 1 0 56 -609.956
18 295 4 4 4 4 2 0 54 -571.476
18 297 4 6 4 6 2 0 52 -553.998
18 306 6 5 6 4 0 0 53 -587.721
18 311 5 2 5 0 1 0 56 -622.519
18 321 5 5 5 6 1 0 52 -551.304
18 324 5 6 5 6 1 0 52 -559.326
18 326 4 5 4 4 2 0 52 -573.835
18 327 4 3 4 2 2 0 55 -596.8
18 328 5 5 5 4 1 0 54 -582.888
18 329 5 5 5 6 1 0 52 -550.868
18 330 4 2 4 0 2 0 56 -615.336
18 333 5 4 5 4 1 0 52 -572.095
19 288 5 5 5 6 1 0 52 -548.315
19 294 5 4 5 6 1 0 51 -540.812
19 300 6 5 6 6 0 0 52 -553.848
19 307 5 4 5 4 1 0 53 -573.011
19 317 5 6 5 6 1 0 52 -559.662
19 318 4 3 4 4 2 0 52 -560.364
19 321 5 4 5 4 1 0 52 -570.67
19 323 5 5 5 4 1 0 53 -579.042
19 324 5 5 5 6 1 0 52 -548.712
19 326 5 4 5 4 1 0 54 -573.174
19 327 4 2 4 4 2 0 54 -557.32
19 328 4 3 4 2 2 0 55 -594.801
19 329 4 3 4 4 2 0 52 -558.954
19 332 6 6 6 6 0 0 51 -563.458
20 288 5 5 5 4 1 0 53 -579.928
20 292 6 3 6 2 0 0 54 -597.826
20 296 6 5 6 6 0 0 52 -554.177
20 306 4 4 4 6 2 0 51 -532.903
20 309 4 6 4 6 2 0 51 -549.83
20 310 4 4 4 4 2 0 54 -565.878
20 312 4 3 4 2 2 0 55 -593.02
20 314 5 2 5 2 1 0 55 -590.107
20 317 6 5 6 4 0 0 54 -587.095
20 321 6 3 6 2 0 0 54 -599.837
20 322 6 5 6 6 0 0 52 -554.272
20 329 6 6 6 6 0 0 50 -556.871
20 330 6 4 6 2 0 0 55 -610.468
20 335 6 4 6 6 0 0 51 -544.232
