"pe","ala"
-4.23541,2
-3.9757,2
-4.07838,2
-4.1929,3
-4.03533,2
-3.82134,2
-4.23182,3
-4.22209,3
-3.99699,3
-3.75628,1
-4.06562,2
-4.13752,3
-4.06888,2
-4.04637,2
-3.95024,3
-4.11223,2
-4.25864,2
-4.30661,3
-4.09537,3
-4.2126,2
-3.90701,1
-3.89041,2
-3.81755,2
-4.13089,3
-4.39372,3
-4.25743,3
-3.95926,2
-3.93537,2
-3.88656,2
-4.00646,2
-4.09741,2
-3.97238,2
-4.06607,3
-4.17433,3
-4.44029,3
-3.93279,2
-4.02712,3
-4.13283,3
-4.19487,3
-4.07606,2
-4.32169,3
-3.79646,2
-4.26396,3
-4.10027,3
-4.14238,2
-3.88635,2
-4.09193,3
-4.21591,3
-4.00044,1
-3.97267,2
-3.83462,2
-4.14211,3
-4.00202,2
-4.15651,3
-4.32736,3
-4.3772,3
-4.10815,3
-3.93427,2
-4.0671,3
-4.10662,3
-4.23352,3
-3.96421,2
-4.29523,3
-4.13223,3
-4.26488,3
-4.00982,3
-4.13091,3
-3.64179,2
-4.06816,2
-4.14743,3
-4.06111,3
-4.10721,3
-4.26381,3
-4.08367,3
-4.05824,3
-4.10939,2
-4.06757,3
-3.87361,2
-4.41976,3
-4.0555,2
-4.0338,3
-4.11027,2
-4.00727,2
-3.92151,2
-4.09238,2
-4.08034,3
-4.28041,3
-4.04059,2
-4.15563,3
-4.33895,3
-4.02461,2
-4.2363,3
-3.93932,2
-4.24941,3
-4.11837,3
-4.08762,2
-3.94285,2
-4.18275,2
-4.23972,3
-4.07334,2
-3.78837,2
-3.91548,2
-4.23775,3
-4.09301,3
-4.19126,3
-3.98379,2
-4.00701,2
-3.95519,2
-3.93918,2
-4.02282,3
-3.99176,3
-4.13271,3
-3.90314,2
-4.14216,3
-4.07754,2
-4.06725,2
-4.20662,2
-4.05287,3
-3.94464,2
-4.03643,2
-3.98134,2
-3.99118,2
-4.03614,2
-4.03756,2
-4.02002,2
-4.05168,2
-3.85086,1
-4.06349,2
-4.13142,3
-3.86669,2
-3.98668,1
-4.10097,3
-4.12133,2
-4.01053,2
-4.32907,3
-4.20029,3
-4.12765,3
-4.18924,3
-3.99112,3
-4.22005,3
-4.21049,3
-4.10666,2
-4.26808,3
-4.2822,3
-4.09724,3
-4.18434,3
-4.00022,3
-4.27013,3
-4.07878,3
-3.96358,2
-4.14029,3
-4.14831,3
-4.00336,2
-4.1986,3
-4.15417,3
-4.11406,3
-4.30997,3
-4.05194,3
-3.88874,2
-4.21199,3
-4.01201,2
-4.17189,3
-3.79908,2
-4.22345,3
-3.89679,2
-4.16596,2
-4.14947,3
-4.04608,3
-4.05866,3
-4.05222,2
-4.18256,3
-4.28492,3
-3.85385,3
-4.08588,3
-3.97604,3
-4.31212,3
-4.25849,3
-4.15745,3
-3.96066,2
-3.92898,2
-3.97464,3
-3.97172,2
-3.97592,3
-3.91922,2
-4.10022,3
-4.29716,3
-4.00339,3
-4.31886,3
-3.93309,2
-4.13713,3
-4.18083,3
-4.00525,2
-4.1022,3
-4.17323,3
-4.25287,3
-3.98422,2
-4.03163,2
-4.18812,3
-4.13546,3
-3.84788,2
-3.88894,3
-3.96023,2
-4.05589,2
-3.95316,2
-4.0079,3
-4.1019,2
-4.00029,3
-3.80797,2
-3.76252,1
-4.26527,3
-4.19397,3
-3.96285,2
-4.08963,3
-4.27222,2
-4.04022,2
-4.03455,2
-3.97187,3
-4.20854,2
-4.01317,3
-4.15148,3
-4.12447,2
-4.17884,2
-3.95852,2
-4.15892,3
-3.88774,2
-4.24871,3
-4.06949,2
-4.15105,2
-4.18363,3
-3.86276,2
-3.7738,2
-4.00604,3
-4.16634,2
-3.96792,3
-3.88769,2
-4.04332,2
-4.09958,3
-4.2939,3
-4.06493,2
-4.21275,3
-4.11534,2
-4.04975,3
-3.97267,3
-4.14296,3
-3.97724,2
-4.00591,2
-3.8676,2
-4.1552,3
-3.88065,3
-4.12453,2
-4.29358,3
-4.08275,3
-4.28193,3
-4.19458,2
-4.123,3
-3.96874,3
-4.24807,3
-3.91356,2
-3.99876,2
-3.81862,2
-4.11018,3
-4.25622,3
-4.13448,2
-3.91353,2
-3.99176,2
-4.20684,3
-4.02217,3
-4.21667,2
-4.2158,3
-3.79184,2
-4.16673,2
-4.07643,3
-4.05421,3
-4.04891,2
-4.01782,2
-4.04359,3
-4.15877,3
-3.95964,2
-4.0719,3
-4.1939,3
-4.09128,3
-4.10117,2
-4.13966,3
-4.06301,3
-4.10413,3
-4.17106,3
-4.07796,3
-4.34944,3
-4.23016,3
-4.03097,3
-4.10953,2
-4.20824,3
-4.01925,2
-4.15601,3
-3.96942,2
-4.01269,3
-3.9923,2
-4.22777,3
-3.81778,2
-4.1718,2
-4.07813,2
-4.03187,3
-4.04333,2
-4.1842,3
-4.1686,3
-4.02032,2
-4.10815,3
-4.10767,3
-3.89164,2
-4.01511,2
-3.94031,2
-3.98903,2
-4.08495,2
-4.07032,3
-4.13264,2
-4.04223,2
-4.13145,3
-4.17126,2
-4.05978,2
-4.06643,3
-4.06813,3
-4.0756,2
-4.09571,2
-4.12447,3
-4.03537,3
-4.14578,2
-4.22275,2
-4.30656,3
-4.31134,3
-4.07618,3
-4.23822,2
-3.84679,2
-3.95826,2
-4.24492,3
-3.81261,2
-4.02767,2
-4.21191,3
-4.00264,3
-4.23459,3
-4.09998,3
-4.2915,2
-3.88358,2
-4.1396,3
-4.03239,2
-3.97769,2
-4.18339,3
-3.89321,1
-3.84208,2
-4.29434,3
-4.14768,3
-4.26276,3
-4.08112,3
-4.09471,2
-3.92928,2
-4.0091,1
-4.08243,2
-3.99797,3
-4.21386,3
-4.07687,2
-3.95826,2
-4.02757,2
-4.12707,3
-4.17593,3
-4.07442,3
-3.79881,2
-4.17176,3
-3.94312,2
-4.03289,2
-4.25697,3
-3.97122,2
-4.1416,2
-4.058,2
-4.16599,2
-4.14211,3
-4.19063,3
-4.04368,3
-4.05557,2
-4.00936,3
-3.92687,2
-4.30005,3
-3.89626,2
-4.15546,2
-4.20655,3
-4.05317,3
-4.18444,3
-4.17633,3
-4.0545,2
-4.16024,3
-3.94433,2
-4.14027,3
-4.48479,3
-4.23529,2
-4.07173,3
-4.19875,3
-4.22102,3
-4.29505,2
-4.2875,3
-4.07803,2
-4.12146,3
-4.01423,2
-4.03083,2
-4.20228,3
-3.87667,2
-4.18052,3
-4.22069,3
-4.19752,3
-3.83578,1
-4.11595,3
-4.16052,2
-4.21121,3
-4.03561,3
-4.03479,2
-3.93948,3
-4.22684,3
-3.82731,2
-4.04394,2
-3.99137,2
-4.04809,2
-3.87477,2
-3.97965,2
-4.15566,3
-4.09137,2
-4.04228,3
-4.4205,3
-4.20417,2
-4.32981,2
-4.32001,3
-4.18608,3
-4.07972,3
-4.0701,2
-4.21995,2
-3.88691,2
-4.15158,3
-4.09649,3
-4.14527,2
-4.00139,3
-4.23297,3
-4.12523,2
-3.95728,2
-4.27955,3
-3.95474,2
-4.09097,3
-4.00065,2
-3.91936,2
-3.90634,3
-4.16544,2
-3.87455,2
-4.09849,3
-4.07496,3
-4.1031,2
-4.14094,2
-3.98666,2
-4.31583,3
-3.81455,2
-3.91068,2
-4.15382,3
-4.2884,3
-4.07897,2
-4.09628,3
-3.94805,2
-4.03563,2
-3.99603,2
-3.99243,2
-4.01921,2
-3.78529,2
-4.10887,3
-4.24047,3
-4.13884,3
-4.07339,3
-4.01579,2
-3.73194,2
-4.02844,2
-4.0583,2
-3.94699,2
-4.24551,2
-4.16008,2
-4.3122,3
-4.00013,2
-3.88265,2
-4.03679,2
-3.77837,2
-3.92968,2
-4.19908,2
-4.08114,2
-3.99983,2
-4.19586,3
-4.0935,3
-3.95549,2
-4.13911,3
-4.30224,3
-4.22148,2
-3.98575,2
-3.95025,2
-4.03166,2
-4.19611,2
-4.02871,3
-4.03547,3
-4.27419,3
-3.97126,2
-3.93007,2
-4.11051,3
-3.9795,1
-4.13242,2
-3.80382,2
-3.98071,2
-3.97514,2
-4.22842,3
-4.25719,3
-4.21297,2
-4.168,3
-3.91831,2
-4.04287,3
-3.89461,1
-4.07267,3
-4.08942,2
-4.05513,2
-3.95616,3
-4.18446,2
-4.10336,3
-3.90445,2
-4.01054,3
-4.08052,2
-4.04356,3
-4.04191,2
-4.24463,2
-3.94556,2
-4.24493,3
-3.75001,2
-4.07692,2
-4.27967,3
-3.9577,2
-4.25038,3
-4.17225,3
-4.16946,2
-4.11142,3
-3.87954,2
-4.17058,3
-4.07875,2
-3.90593,2
-4.12777,3
-4.17316,3
-4.0727,3
-3.94628,2
-4.0626,2
-4.15823,2
-3.83534,2
-3.92209,3
-4.12635,3
-3.98336,2
-4.19119,3
-4.01279,2
-4.18129,3
-4.0642,3
-4.05788,2
-4.04568,2
-4.10414,3
-4.08587,3
-4.02,2
-3.98629,2
-4.08847,3
-4.07457,3
-4.241,3
-4.33861,3
-4.1271,2
-3.92755,2
-4.21627,2
-4.02716,2
-4.08821,2
-3.93608,2
-4.23367,3
-3.84207,2
-4.10996,3
-4.03233,2
-4.23658,2
-4.07625,2
-4.00165,3
-4.1803,3
-3.99015,3
-3.94791,2
-4.23207,3
-4.10737,2
-4.17813,3
-4.14805,3
-4.03449,3
-3.86112,2
-4.13305,2
-4.04827,3
-4.18237,2
-4.08658,3
-4.11989,2
-4.00486,2
-4.11763,3
-4.00809,2
-3.99846,3
-3.99922,2
-3.96195,2
-4.08579,2
-4.30198,3
-4.07654,3
-4.02369,3
-3.76035,2
-4.00233,2
-3.95318,1
-4.05806,2
-4.0744,2
-3.90457,3
-4.16012,2
-3.9515,2
-4.0739,2
-4.0817,3
-4.00111,3
-4.25197,2
-3.86829,2
-4.18803,3
-3.76954,1
-4.25683,3
-4.06824,3
-4.02726,1
-4.13601,2
-3.99829,2
-4.06726,3
-4.096,2
-4.26139,3
-4.05677,2
-4.17976,3
-4.14508,2
-4.00173,2
-4.24388,3
-4.00686,2
-3.98389,2
-4.07627,2
-4.01367,3
-3.82817,2
-3.94785,3
-3.98088,1
-3.98945,1
-4.01163,2
-4.1823,3
-3.81407,2
-3.84367,2
-3.94803,3
-3.8679,2
-4.12327,2
-3.95154,2
-4.1222,2
-3.82953,2
-4.12422,2
-4.08793,2
-3.96351,2
-3.91505,2
-3.8815,2
-4.16695,3
-4.12276,2
-3.86349,2
-4.14978,3
-4.18201,3
-3.8539,2
-4.10353,3
-4.14173,3
-4.16721,3
-4.15713,3
-4.25943,3
-4.20226,2
-4.10151,3
-4.20872,3
-4.26412,3
-3.86054,2
-3.95769,2
-4.33248,3
-4.17431,3
-4.16248,3
-3.93893,2
-4.33316,3
-3.91551,2
-3.84175,2
-4.09687,2
-4.09473,3
-3.91843,2
-4.05794,2
-4.2254,3
