"pe","ala"
-4.07845,2
-3.91553,2
-3.92846,2
-4.46708,3
-3.93991,2
-3.24297,2
-4.23008,3
-3.1928,2
-4.34235,3
-3.99382,1
-3.97133,2
-4.32653,3
-3.80907,2
-3.73246,2
-3.65621,3
-4.8609,3
-3.83478,1
-4.51038,2
-4.73674,3
-4.28175,2
-3.14831,2
-4.48943,2
-4.66693,2
-4.56602,3
-4.76847,3
-4.29882,3
-4.3474,2
-3.42231,2
-3.82227,2
-3.66099,2
-3.8987,2
-3.67688,2
-4.17243,3
-4.78242,3
-4.24213,3
-4.07252,2
-2.75965,1
-4.82324,3
-3.7063,3
-3.49399,2
-3.4562,2
-3.58955,1
-3.6335,2
-3.98794,1
-4.27235,2
-3.70889,2
-4.41008,3
-4.38689,3
-3.46717,1
-3.47488,2
-4.78532,2
-4.13967,3
-3.14875,2
-4.4489,3
-3.93401,1
-4.27603,3
-4.60372,3
-3.53711,2
-3.45261,3
-3.91269,3
-4.88333,3
-3.95355,2
-4.80649,3
-4.05202,3
-4.86857,3
-4.59201,3
-4.42765,3
-3.82321,2
-4.03495,1
-2.79154,1
-4.59086,3
-4.68044,3
-3.87668,1
-3.82246,3
-3.77047,1
-4.06077,2
-4.31274,3
-3.63511,2
-4.45491,3
-4.6235,2
-4.23003,3
-4.77718,2
-3.97724,2
-3.52009,1
-3.86293,2
-3.33575,1
-3.47833,0
-4.62039,2
-4.48541,3
-3.75637,3
-3.87363,2
-4.21248,3
-4.04692,2
-3.67861,3
-3.73172,2
-4.32803,2
-4.6427,2
-3.17172,2
-3.93078,2
-4.8269,2
-3.96139,1
-3.31322,0
-3.82452,1
-4.39516,3
-3.08306,1
-3.49211,0
-4.84502,2
-3.63038,2
-3.75987,2
-3.08594,1
-3.96505,3
-4.68915,3
-3.86137,1
-4.31751,3
-2.92859,2
-4.43275,2
-3.76827,2
-3.82116,3
-3.41108,2
-3.52452,1
-3.23651,1
-4.44792,2
-3.99159,2
-3.84855,2
-4.22194,1
-4.29046,2
-3.77357,1
-3.79853,2
-3.69565,3
-4.86459,2
-3.68371,1
-4.13319,3
-4.16389,2
-4.3348,2
-4.0797,3
-4.02333,3
-3.16527,1
-4.81699,3
-3.83799,3
-4.72994,3
-4.24558,3
-3.81579,2
-4.53708,3
-3.70996,3
-5.27047,3
-2.88382,1
-4.64673,3
-4.73566,3
-4.65307,3
-4.17002,2
-4.0913,1
-3.65363,3
-3.90646,2
-4.88631,3
-3.26051,2
-4.61706,3
-3.22646,1
-4.09853,3
-3.71474,2
-3.36403,3
-3.37448,2
-2.84703,0
-3.74295,2
-4.26364,3
-3.53229,2
-4.24994,2
-4.29533,3
-4.09062,3
-3.94853,3
-4.31321,2
-4.07704,3
-4.26683,3
-5.11858,3
-3.4693,3
-3.85577,3
-4.54715,3
-3.63095,2
-4.74038,3
-4.00579,2
-3.67538,2
-4.13177,3
-3.57984,1
-3.57973,3
-4.00373,2
-4.02108,3
-3.77803,3
-4.31278,3
-4.7581,3
-3.18797,2
-4.75133,3
-4.61565,3
-4.29806,2
-3.65204,1
-4.06712,3
-4.29319,3
-3.71771,2
-3.23461,1
-4.37202,1
-4.79578,3
-2.73425,1
-4.03419,3
-4.01591,1
-3.69483,2
-3.96977,2
-4.03489,3
-3.46326,1
-3.80005,1
-4.62845,2
-4.24241,2
-4.23687,3
-3.98471,3
-3.47385,2
-4.20038,3
-4.60413,2
-4.44783,2
-2.83259,1
-3.72894,2
-3.9285,2
-3.50546,1
-3.80516,3
-3.79328,1
-4.53831,2
-4.28538,2
-3.89749,3
-3.4549,2
-4.15858,3
-3.57484,2
-4.51499,2
-4.03293,3
-3.78736,2
-3.00291,2
-4.81508,3
-3.61006,2
-3.05786,1
-3.58289,2
-3.94431,2
-3.84046,3
-3.91894,3
-3.56432,2
-4.8259,3
-3.66666,1
-4.58815,3
-4.26133,2
-3.78241,3
-4.13408,2
-3.4077,2
-4.56516,2
-4.70622,3
-4.42475,2
-4.15524,2
-4.2877,2
-4.70972,3
-4.02305,3
-3.95963,2
-4.83438,3
-4.24628,3
-3.88337,3
-4.01051,2
-4.12427,1
-5.03,2
-4.53642,3
-4.76531,3
-3.74816,1
-4.24346,2
-4.72647,2
-3.87864,3
-4.4381,3
-3.72389,1
-3.82438,3
-3.93928,2
-4.79396,2
-4.63205,3
-4.64243,3
-4.03945,2
-3.90609,2
-3.95693,3
-4.01766,3
-3.64989,1
-4.4537,3
-4.35613,3
-4.35097,3
-4.43748,2
-5.2955,3
-3.15141,1
-4.5041,3
-4.27552,1
-4.70648,3
-4.78063,3
-4.08587,1
-4.54313,3
-3.84086,2
-4.2638,1
-4.04024,2
-3.84565,2
-4.46451,2
-4.68584,3
-4.3722,2
-3.69398,3
-4.05708,2
-4.34759,2
-3.2407,2
-4.71625,3
-4.61976,2
-5.00223,3
-4.79173,3
-4.00493,2
-4.48733,3
-3.48733,1
-3.52906,2
-4.44821,2
-3.95219,2
-3.95057,2
-4.19943,1
-4.70735,3
-4.18636,2
-3.3131,2
-4.11384,3
-4.48745,2
-4.71887,1
-3.73523,3
-4.69909,3
-4.59349,3
-4.52257,2
-4.56013,3
-4.8692,3
-3.54048,1
-3.35764,2
-4.75573,3
-4.24378,1
-4.80028,3
-4.25627,2
-3.52493,2
-4.08949,2
-4.80591,3
-4.77897,2
-3.25927,2
-4.78322,3
-4.49508,3
-4.70429,3
-4.36697,3
-4.05243,2
-3.93715,2
-3.87828,2
-4.11352,2
-4.20727,2
-4.33405,3
-3.15248,1
-4.76446,2
-3.69382,3
-4.2537,3
-3.94277,3
-4.38468,2
-3.36098,2
-3.80031,2
-3.83281,1
-4.07518,2
-3.61404,1
-4.23474,3
-4.23597,2
-4.29842,2
-3.89107,2
-3.61697,1
-3.49112,3
-5.1923,3
-4.20669,2
-3.99463,3
-4.30896,2
-3.55958,1
-3.28641,1
-3.30713,2
-3.9333,2
-3.73765,2
-4.08194,1
-3.86763,3
-3.2838,1
-4.10087,3
-3.61143,1
-2.75725,2
-4.7019,2
-3.97109,3
-3.73073,2
-3.49268,2
-3.57843,2
-3.28342,0
-3.74329,3
-4.27242,3
-3.89545,2
-3.94518,3
-4.18031,2
-4.08248,2
-4.68979,3
-3.48222,1
-4.9896,3
-4.21871,3
-3.29133,3
-4.12493,2
-4.63127,3
-4.31093,2
-3.83474,2
-4.63336,2
-3.61166,2
-3.25744,2
-3.39711,0
-3.92835,3
-4.35455,3
-3.83018,1
-3.24603,2
-4.08424,3
-2.92839,1
-4.52104,3
-4.67056,3
-3.74206,3
-3.45095,3
-3.71098,1
-3.4438,2
-3.86355,2
-4.18785,2
-2.98747,1
-3.95299,2
-3.9804,2
-4.28221,3
-2.99426,2
-4.10184,3
-3.75749,1
-3.56819,2
-3.44548,1
-4.28756,3
-3.92835,3
-3.87847,3
-4.00119,1
-4.68527,2
-3.03193,1
-3.97515,2
-3.99928,3
-4.03865,2
-3.54081,3
-4.14267,3
-4.79565,2
-3.29824,0
-4.48736,3
-3.60828,2
-4.15783,3
-4.685,2
-3.89853,2
-2.52013,0
-3.54782,2
-3.5036,2
-3.27704,1
-3.84085,3
-3.71398,2
-3.95629,2
-4.21173,2
-4.25448,3
-3.49725,1
-4.27603,2
-3.48314,3
-4.98061,3
-4.23868,2
-4.29031,3
-3.53801,2
-3.69251,2
-4.04556,2
-4.54435,2
-4.25211,2
-3.6632,2
-4.16594,3
-4.17149,3
-4.12783,3
-3.78472,3
-3.7142,2
-4.02545,2
-4.83852,2
-3.897,2
-4.04755,2
-3.75047,2
-4.10157,2
-5.04591,3
-4.22281,2
-3.30774,2
-3.8729,2
-3.02971,0
-3.87588,2
-3.41731,1
-3.17388,1
-4.70613,2
-4.87532,3
-3.69767,3
-3.28688,2
-3.80756,3
-4.21387,3
-4.01566,2
-4.1633,2
-3.94865,2
-3.57163,2
-3.32369,0
-3.39793,3
-4.30871,3
-4.94604,3
-3.77038,2
-3.70134,2
-4.31213,3
-3.82825,1
-4.62604,2
-3.68746,2
-3.70829,2
-3.10386,2
-3.8849,3
-4.42459,3
-3.70499,2
-3.91644,3
-3.75217,2
-4.67063,3
-3.78419,2
-3.92578,2
-3.46982,1
-4.37475,2
-4.46751,3
-3.64987,2
-4.28592,3
-4.42387,2
-4.79829,3
-4.39414,2
-3.94672,1
-4.21838,2
-4.06718,2
-3.61279,2
-3.20226,1
-4.71664,1
-3.50812,1
-3.03035,2
-3.88582,2
-4.50009,3
-4.04002,2
-3.54022,1
-4.02084,3
-3.43405,2
-3.60192,1
-4.57597,2
-3.4231,2
-4.18171,3
-4.64289,3
-3.98322,3
-3.15959,2
-3.49427,1
-4.49009,2
-3.67918,2
-2.97073,2
-4.70818,3
-3.2683,1
-3.7502,3
-3.60033,2
-3.56723,0
-4.35427,3
-3.57905,1
-4.00232,2
-4.47597,3
-3.99955,3
-3.86973,2
-3.50248,0
-3.35292,2
-4.03996,3
-4.6364,3
-4.25828,3
-3.66667,2
-3.71757,2
-3.92464,2
-3.89833,2
-4.07036,1
-3.70849,2
-3.58868,3
-3.69081,1
-4.11972,3
-4.16095,2
-4.24208,2
-3.6429,2
-4.69055,3
-4.23313,3
-3.79023,3
-4.16406,2
-4.08705,0
-3.26199,1
-3.63752,1
-3.98442,3
-3.69271,3
-3.60564,2
-3.88776,2
-3.45289,1
-2.82388,1
-4.95306,3
-3.49312,2
-3.5146,2
-3.1157,1
-3.73226,2
-4.1325,3
-4.00248,2
-3.64213,1
-3.74796,2
-3.38737,2
-4.04387,3
-3.10847,2
-3.7419,2
-4.9098,2
-3.93797,1
-3.92459,2
-4.72555,2
-3.79967,3
-4.53804,2
-3.34418,2
-3.98118,2
-4.47225,3
-3.8069,3
-3.32987,2
-3.78367,2
-4.32642,3
-3.50271,1
-3.47975,3
-4.96068,3
-3.31966,1
-3.52431,2
-3.08876,1
-4.04195,3
-4.22394,2
-4.02597,3
-3.81514,2
-4.17945,3
-3.96212,2
-4.10266,2
-3.71006,2
-3.51463,2
-4.75072,2
-3.22286,2
-4.03341,3
-3.42223,1
-4.11953,3
-3.22061,0
-4.04859,2
-4.30157,2
-3.92393,2
-3.745,1
-3.81833,2
-3.76914,3
-3.79499,2
-4.52233,2
-4.4182,1
-3.02447,2
-3.55154,1
-4.99905,2
-4.09266,2
-4.20124,2
-3.66627,2
-4.21079,2
-4.80305,3
-4.34796,2
-3.95806,2
-3.57179,3
-4.52991,3
-3.7305,2
-4.09365,3
-4.13432,1
-4.11248,3
-3.3233,1
-3.22843,1
-2.88867,0
-3.80615,3
-4.18234,3
-3.91092,3
-3.94648,2
-3.73599,1
-4.13037,3
-4.0098,2
-3.85555,3
-3.6055,2
-4.77559,3
-3.10722,2
-3.84945,2
-5.00665,2
-3.23708,0
-4.15505,2
-3.87529,2
-4.73365,3
